detector,descriptor,img_id,pts,pts_on_car,matches,detection_time,description_time,total_time,match_dist
SHITOMASI,BRISK,0001,1301,118,125,18.1535,5.24288,23.3964,73.648
SHITOMASI,BRISK,0002,1361,123,118,16.9738,0.458752,17.4326,70.8729
SHITOMASI,BRISK,0003,1358,120,123,17.1704,0.393216,17.5636,79.5122
SHITOMASI,BRISK,0004,1333,120,120,16.9083,0.393216,17.3015,73.7
SHITOMASI,BRISK,0005,1284,113,120,17.0394,0.32768,17.367,74.5833
SHITOMASI,BRISK,0006,1322,114,113,17.1049,0.32768,17.4326,78.2301
SHITOMASI,BRISK,0007,1366,123,114,16.6461,0.32768,16.9738,68.1228
SHITOMASI,BRISK,0008,1389,111,123,16.8428,0.32768,17.1704,75.2683
SHITOMASI,BRISK,0009,1339,112,111,16.5806,0.32768,16.9083,70.3063
SHITOMASI,BRIEF,0001,1301,118,125,16.9083,0.393216,17.3015,17.136
SHITOMASI,BRIEF,0002,1361,123,118,15.8597,0.32768,16.1874,14.2119
SHITOMASI,BRIEF,0003,1358,120,123,15.8597,0.32768,16.1874,18.3577
SHITOMASI,BRIEF,0004,1333,120,120,15.7286,0.32768,16.0563,16.9
SHITOMASI,BRIEF,0005,1284,113,120,16.9083,0.32768,17.236,17.0167
SHITOMASI,BRIEF,0006,1322,114,113,16.1219,0.262144,16.384,16.7168
SHITOMASI,BRIEF,0007,1366,123,114,17.0394,0.262144,17.3015,14.9649
SHITOMASI,BRIEF,0008,1389,111,123,16.4495,0.32768,16.7772,17.5447
SHITOMASI,BRIEF,0009,1339,112,111,16.6461,0.262144,16.9083,16.1532
SHITOMASI,ORB,0001,1301,118,125,17.3015,0.262144,17.5636,23.336
SHITOMASI,ORB,0002,1361,123,118,16.5806,0.393216,16.9738,20.7542
SHITOMASI,ORB,0003,1358,120,123,16.5151,0.32768,16.8428,23.7967
SHITOMASI,ORB,0004,1333,120,120,15.9908,0.32768,16.3185,21.2917
SHITOMASI,ORB,0005,1284,113,120,17.3015,0.393216,17.6947,22.2333
SHITOMASI,ORB,0006,1322,114,113,15.9908,0.32768,16.3185,21.2389
SHITOMASI,ORB,0007,1366,123,114,15.8597,0.32768,16.1874,20.5
SHITOMASI,ORB,0008,1389,111,123,16.8428,0.32768,17.1704,22.7154
SHITOMASI,ORB,0009,1339,112,111,15.7942,0.32768,16.1219,21.7748
SHITOMASI,FREAK,0001,1301,118,125,15.9908,0.393216,16.384,62.664
SHITOMASI,FREAK,0002,1361,123,118,11.5999,0.32768,11.9276,56.7119
SHITOMASI,FREAK,0003,1358,120,123,12.2552,0.32768,12.5829,63.3089
SHITOMASI,FREAK,0004,1333,120,120,11.6654,0.393216,12.0586,60.4417
SHITOMASI,FREAK,0005,1284,113,120,11.5999,0.262144,11.862,63.95
SHITOMASI,FREAK,0006,1322,114,113,11.7309,0.32768,12.0586,62.4425
SHITOMASI,FREAK,0007,1366,123,114,11.9931,0.393216,12.3863,59.2807
SHITOMASI,FREAK,0008,1389,111,123,12.0586,0.393216,12.4518,61.626
SHITOMASI,FREAK,0009,1339,112,111,11.7309,0.32768,12.0586,56.8198
SHITOMASI,SIFT,0001,1301,118,125,11.3377,0.32768,11.6654,126.502
SHITOMASI,SIFT,0002,1361,123,118,11.7309,0.32768,12.0586,106.897
SHITOMASI,SIFT,0003,1358,120,123,17.236,0.458752,17.6947,130.489
SHITOMASI,SIFT,0004,1333,120,120,11.5999,0.393216,11.9931,111.436
SHITOMASI,SIFT,0005,1284,113,120,11.6654,0.393216,12.0586,122.426
SHITOMASI,SIFT,0006,1322,114,113,12.3863,0.32768,12.714,113.427
SHITOMASI,SIFT,0007,1366,123,114,11.6654,0.32768,11.9931,111.424
SHITOMASI,SIFT,0008,1389,111,123,11.6654,0.32768,11.9931,120.763
SHITOMASI,SIFT,0009,1339,112,111,11.7965,0.32768,12.1242,110.039
HARRIS,BRISK,0001,98,14,17,12.714,0.131072,12.8451,92.4118
HARRIS,BRISK,0002,113,18,14,12.2552,0.065536,12.3208,84.7143
HARRIS,BRISK,0003,121,21,18,12.3863,0.131072,12.5174,88.0556
HARRIS,BRISK,0004,160,26,21,12.9106,0.131072,13.0417,91.2381
HARRIS,BRISK,0005,383,43,26,26.8042,0.196608,27.0008,80.5385
HARRIS,BRISK,0006,85,18,43,11.7965,0.065536,11.862,117.233
HARRIS,BRISK,0007,210,31,18,14.6145,0.065536,14.6801,67.2778
HARRIS,BRISK,0008,171,26,31,13.1072,0.131072,13.2383,78.129
HARRIS,BRISK,0009,281,34,26,18.5467,0.131072,18.6778,71.5
HARRIS,BRIEF,0001,98,14,17,11.5343,0.065536,11.5999,24.4118
HARRIS,BRIEF,0002,113,18,14,12.2552,0.065536,12.3208,17.9286
HARRIS,BRIEF,0003,121,21,18,12.1242,0.065536,12.1897,21.4444
HARRIS,BRIEF,0004,160,26,21,12.714,0.065536,12.7795,21.7619
HARRIS,BRIEF,0005,383,43,26,28.1805,0.131072,28.3116,18.9231
HARRIS,BRIEF,0006,85,18,43,11.5343,0.065536,11.5999,44.3488
HARRIS,BRIEF,0007,210,31,18,15.0733,0.131072,15.2044,17.3889
HARRIS,BRIEF,0008,171,26,31,12.9106,0.131072,13.0417,25.7097
HARRIS,BRIEF,0009,281,34,26,17.9569,0.131072,18.0879,17.9615
HARRIS,ORB,0001,98,14,17,11.7965,0.065536,11.862,31.5294
HARRIS,ORB,0002,113,18,14,11.7965,0.065536,11.862,22.5714
HARRIS,ORB,0003,121,21,18,12.5174,0.065536,12.5829,25.7778
HARRIS,ORB,0004,160,26,21,12.9106,0.065536,12.9761,25.3333
HARRIS,ORB,0005,383,43,26,26.7387,0.131072,26.8698,23.3077
HARRIS,ORB,0006,85,18,43,11.4033,0.131072,11.5343,50.7674
HARRIS,ORB,0007,210,31,18,14.0902,0.065536,14.1558,21.0556
HARRIS,ORB,0008,171,26,31,13.0417,0.065536,13.1072,28.1935
HARRIS,ORB,0009,281,34,26,18.4156,0.065536,18.4812,22.8077
HARRIS,FREAK,0001,98,14,17,12.1242,0.065536,12.1897,70.9412
HARRIS,FREAK,0002,113,18,14,12.5174,0.065536,12.5829,62.9286
HARRIS,FREAK,0003,121,21,18,12.5829,0.065536,12.6484,72.6111
HARRIS,FREAK,0004,160,26,21,12.714,0.065536,12.7795,68.2857
HARRIS,FREAK,0005,383,43,26,26.6732,0.065536,26.7387,69.8846
HARRIS,FREAK,0006,85,18,43,11.7965,0.131072,11.9276,99.3721
HARRIS,FREAK,0007,210,31,18,14.0902,0.065536,14.1558,69.2222
HARRIS,FREAK,0008,171,26,31,13.0417,0.131072,13.1727,68.6452
HARRIS,FREAK,0009,281,34,26,17.8913,0.131072,18.0224,64.1154
HARRIS,SIFT,0001,98,14,17,11.4688,0.065536,11.5343,143.417
HARRIS,SIFT,0002,113,18,14,12.1897,0,12.1897,102.229
HARRIS,SIFT,0003,121,21,18,16.7117,0.065536,16.7772,106.811
HARRIS,SIFT,0004,160,26,21,12.6484,0.065536,12.714,106.971
HARRIS,SIFT,0005,383,43,26,27.263,0.065536,27.3285,86.7503
HARRIS,SIFT,0006,85,18,43,11.4033,0.131072,11.5343,241.706
HARRIS,SIFT,0007,210,31,18,14.2213,0.065536,14.2868,113.952
HARRIS,SIFT,0008,171,26,31,17.8258,0.065536,17.8913,139.817
HARRIS,SIFT,0009,281,34,26,19.071,0.065536,19.1365,98.2584
FAST,BRISK,0001,4952,427,419,2.09715,2.22822,4.32538,77.1647
FAST,BRISK,0002,4863,404,427,2.09715,2.09715,4.1943,78.6956
FAST,BRISK,0003,4840,423,404,2.09715,2.16269,4.25984,77.9332
FAST,BRISK,0004,4856,386,423,2.09715,2.09715,4.1943,82.8794
FAST,BRISK,0005,4899,414,386,2.16269,1.96608,4.12877,78.7591
FAST,BRISK,0006,4870,418,414,2.03162,2.16269,4.1943,75.2729
FAST,BRISK,0007,4868,406,418,2.16269,2.16269,4.32538,77
FAST,BRISK,0008,4996,396,406,2.29376,2.09715,4.39091,75.2611
FAST,BRISK,0009,4997,401,396,2.16269,1.96608,4.12877,74.4141
FAST,BRIEF,0001,4952,427,419,2.09715,2.09715,4.1943,16.2912
FAST,BRIEF,0002,4863,404,427,2.09715,2.03162,4.12877,17.2646
FAST,BRIEF,0003,4840,423,404,2.09715,1.96608,4.06323,17.146
FAST,BRIEF,0004,4856,386,423,2.03162,1.83501,3.86662,17.5461
FAST,BRIEF,0005,4899,414,386,2.03162,1.76947,3.80109,17.1917
FAST,BRIEF,0006,4870,418,414,2.22822,2.03162,4.25984,16.1087
FAST,BRIEF,0007,4868,406,418,2.16269,1.96608,4.12877,16.3158
FAST,BRIEF,0008,4996,396,406,2.16269,2.22822,4.39091,16.1355
FAST,BRIEF,0009,4997,401,396,2.16269,1.83501,3.9977,16.101
FAST,ORB,0001,4952,427,419,1.96608,2.16269,4.12877,23.3699
FAST,ORB,0002,4863,404,427,2.09715,1.96608,4.06323,23.5316
FAST,ORB,0003,4840,423,404,1.96608,2.09715,4.06323,23.7574
FAST,ORB,0004,4856,386,423,2.03162,2.03162,4.06323,23.6761
FAST,ORB,0005,4899,414,386,2.03162,1.96608,3.9977,22.9301
FAST,ORB,0006,4870,418,414,2.16269,2.03162,4.1943,22.2077
FAST,ORB,0007,4868,406,418,2.09715,1.96608,4.06323,22.4641
FAST,ORB,0008,4996,396,406,2.03162,1.83501,3.86662,23.133
FAST,ORB,0009,4997,401,396,2.03162,1.96608,3.9977,22.0631
FAST,FREAK,0001,4952,427,419,2.09715,2.16269,4.25984,61.9451
FAST,FREAK,0002,4863,404,427,2.03162,2.22822,4.25984,61.9133
FAST,FREAK,0003,4840,423,404,2.16269,2.16269,4.32538,60.448
FAST,FREAK,0004,4856,386,423,2.09715,2.03162,4.12877,62.5863
FAST,FREAK,0005,4899,414,386,2.03162,1.96608,3.9977,60.842
FAST,FREAK,0006,4870,418,414,2.09715,2.09715,4.1943,57.7029
FAST,FREAK,0007,4868,406,418,2.03162,2.16269,4.1943,58.9067
FAST,FREAK,0008,4996,396,406,2.09715,2.03162,4.12877,58.8005
FAST,FREAK,0009,4997,401,396,2.16269,1.96608,4.12877,58.2929
FAST,SIFT,0001,4952,427,419,2.03162,3.40787,5.43949,79.289
FAST,SIFT,0002,4863,404,427,2.03162,3.47341,5.50502,84.979
FAST,SIFT,0003,4840,423,404,2.03162,3.34234,5.37395,83.7822
FAST,SIFT,0004,4856,386,423,2.03162,3.2768,5.30842,84.4764
FAST,SIFT,0005,4899,414,386,2.16269,3.08019,5.24288,80.4825
FAST,SIFT,0006,4870,418,414,2.22822,3.34234,5.57056,77.7065
FAST,SIFT,0007,4868,406,418,2.09715,3.21126,5.30842,83.0911
FAST,SIFT,0008,4996,396,406,2.22822,3.40787,5.6361,85.1364
FAST,SIFT,0009,4997,401,396,2.29376,3.2768,5.57056,79.4842
BRISK,BRISK,0001,2777,282,264,377.422,1.11411,378.536,74.6856
BRISK,BRISK,0002,2741,282,282,382.927,1.04858,383.975,73.5816
BRISK,BRISK,0003,2735,277,282,381.157,1.17965,382.337,80.9539
BRISK,BRISK,0004,2757,297,277,378.536,1.11411,379.65,76.4838
BRISK,BRISK,0005,2695,279,297,375.259,1.17965,376.439,85.8451
BRISK,BRISK,0006,2715,289,279,381.944,1.11411,383.058,69.1111
BRISK,BRISK,0007,2628,272,289,381.616,1.04858,382.665,81.7024
BRISK,BRISK,0008,2639,266,272,380.568,1.04858,381.616,76.0037
BRISK,BRISK,0009,2672,254,266,377.225,0.917504,378.143,73.9135
BRISK,BRIEF,0001,2777,282,264,378.47,0.917504,379.388,16.7462
BRISK,BRIEF,0002,2741,282,282,376.439,1.04858,377.487,15.2199
BRISK,BRIEF,0003,2735,277,282,382.206,1.17965,383.386,18.4858
BRISK,BRIEF,0004,2757,297,277,381.354,1.04858,382.403,14.9639
BRISK,BRIEF,0005,2695,279,297,380.305,1.11411,381.42,19.4478
BRISK,BRIEF,0006,2715,289,279,384.238,0.98304,385.221,14.5054
BRISK,BRIEF,0007,2628,272,289,377.291,1.11411,378.405,15.9239
BRISK,BRIEF,0008,2639,266,272,381.813,0.917504,382.73,16.2279
BRISK,BRIEF,0009,2672,254,266,378.274,0.917504,379.191,16.8083
BRISK,ORB,0001,2777,282,264,376.963,0.98304,377.946,38.7159
BRISK,ORB,0002,2741,282,282,377.094,1.11411,378.208,38.1277
BRISK,ORB,0003,2735,277,282,382.927,2.68698,385.614,42.0851
BRISK,ORB,0004,2757,297,277,380.436,0.98304,381.42,38.7978
BRISK,ORB,0005,2695,279,297,383.386,1.04858,384.434,43.0741
BRISK,ORB,0006,2715,289,279,380.24,0.98304,381.223,36.5735
BRISK,ORB,0007,2628,272,289,382.992,1.04858,384.041,40.5986
BRISK,ORB,0008,2639,266,272,381.485,0.917504,382.403,39.5772
BRISK,ORB,0009,2672,254,266,381.616,0.917504,382.534,39.1955
BRISK,FREAK,0001,2777,282,242,379.847,0.851968,380.699,56.7975
BRISK,FREAK,0002,2741,282,260,377.225,0.98304,378.208,53.1538
BRISK,FREAK,0003,2735,277,263,379.585,0.98304,380.568,61.0114
BRISK,FREAK,0004,2757,297,264,388.039,0.98304,389.022,57.1742
BRISK,FREAK,0005,2695,279,274,378.995,0.917504,379.912,66.0109
BRISK,FREAK,0006,2715,289,256,383.713,0.98304,384.696,51.3398
BRISK,FREAK,0007,2628,272,269,376.111,0.98304,377.094,60.1264
BRISK,FREAK,0008,2639,266,255,379.585,0.851968,380.436,55.098
BRISK,FREAK,0009,2672,254,243,375.194,0.851968,376.046,56.8107
BRISK,SIFT,0001,2777,282,264,378.143,1.57286,379.716,133.382
BRISK,SIFT,0002,2741,282,282,383.189,1.83501,385.024,134.179
BRISK,SIFT,0003,2735,277,282,378.47,1.70394,380.174,143.399
BRISK,SIFT,0004,2757,297,277,385.352,1.6384,386.99,141.453
BRISK,SIFT,0005,2695,279,297,380.895,1.70394,382.599,151.93
BRISK,SIFT,0006,2715,289,279,380.502,1.6384,382.14,119.604
BRISK,SIFT,0007,2628,272,289,378.339,1.76947,380.109,146.631
BRISK,SIFT,0008,2639,266,272,378.995,1.50733,380.502,136.56
BRISK,SIFT,0009,2672,254,266,375.718,1.44179,377.16,135.313
ORB,BRISK,0001,500,102,83,8.12646,0.262144,8.38861,44.1687
ORB,BRISK,0002,500,106,93,7.40557,0.196608,7.60218,53.0108
ORB,BRISK,0003,500,113,95,7.4711,0.262144,7.73325,48.6421
ORB,BRISK,0004,500,109,103,7.86432,0.262144,8.12646,49.6893
ORB,BRISK,0005,500,125,101,8.25754,0.32768,8.58522,45.9703
ORB,BRISK,0006,500,130,116,7.60218,0.32768,7.92986,49.4655
ORB,BRISK,0007,500,129,120,7.60218,0.32768,7.92986,56.8417
ORB,BRISK,0008,500,127,120,7.92986,0.393216,8.32307,61.9917
ORB,BRISK,0009,500,128,119,7.60218,0.262144,7.86432,60.7059
ORB,BRIEF,0001,500,102,92,7.60218,0.196608,7.79878,14.9457
ORB,BRIEF,0002,500,106,102,7.53664,0.262144,7.79878,16.5196
ORB,BRIEF,0003,500,113,106,7.4711,0.196608,7.66771,16.4906
ORB,BRIEF,0004,500,109,113,7.60218,0.262144,7.86432,16.2389
ORB,BRIEF,0005,500,125,109,7.53664,0.32768,7.86432,14.9358
ORB,BRIEF,0006,500,130,125,7.53664,0.32768,7.86432,12.928
ORB,BRIEF,0007,500,129,130,7.40557,0.32768,7.73325,15.6692
ORB,BRIEF,0008,500,127,129,7.79878,0.262144,8.06093,13.9225
ORB,BRIEF,0009,500,128,127,7.60218,0.262144,7.86432,14.4094
ORB,ORB,0001,500,102,92,7.40557,0.196608,7.60218,32.0761
ORB,ORB,0002,500,106,102,7.60218,0.32768,7.92986,32.9216
ORB,ORB,0003,500,113,106,7.99539,0.262144,8.25754,35.4057
ORB,ORB,0004,500,109,113,7.79878,0.393216,8.192,33.9558
ORB,ORB,0005,500,125,109,7.60218,0.262144,7.86432,29.6239
ORB,ORB,0006,500,130,125,7.4711,0.262144,7.73325,29.952
ORB,ORB,0007,500,129,130,7.66771,0.32768,7.99539,32.6077
ORB,ORB,0008,500,127,129,7.92986,0.32768,8.25754,33.3178
ORB,ORB,0009,500,128,127,7.73325,0.393216,8.12646,32.4331
ORB,FREAK,0001,500,102,46,7.53664,0.131072,7.66771,33.7391
ORB,FREAK,0002,500,106,53,7.60218,0.065536,7.66771,39.5472
ORB,FREAK,0003,500,113,56,7.92986,0.131072,8.06093,43.8036
ORB,FREAK,0004,500,109,65,7.53664,0.196608,7.73325,50.4308
ORB,FREAK,0005,500,125,55,7.40557,0.262144,7.66771,43.1273
ORB,FREAK,0006,500,130,64,7.79878,0.131072,7.92986,44.2812
ORB,FREAK,0007,500,129,66,7.66771,0.262144,7.92986,45.6364
ORB,FREAK,0008,500,127,71,7.86432,0.262144,8.12646,58.3944
ORB,FREAK,0009,500,128,73,7.66771,0.196608,7.86432,44.6301
ORB,SIFT,0001,500,102,92,7.73325,0.393216,8.12646,85.7474
ORB,SIFT,0002,500,106,102,7.73325,0.262144,7.99539,83.3759
ORB,SIFT,0003,500,113,106,7.99539,0.393216,8.38861,95.6562
ORB,SIFT,0004,500,109,113,7.60218,0.32768,7.92986,83.6335
ORB,SIFT,0005,500,125,109,7.66771,0.458752,8.12646,81.122
ORB,SIFT,0006,500,130,125,7.79878,0.393216,8.192,80.8814
ORB,SIFT,0007,500,129,130,7.34003,0.458752,7.79878,81.7633
ORB,SIFT,0008,500,127,129,7.73325,0.393216,8.12646,96.6341
ORB,SIFT,0009,500,128,127,7.92986,0.393216,8.32307,71.6389
AKAZE,AKAZE,0001,1327,157,166,62.5869,0.524288,63.1112,41.3735
AKAZE,AKAZE,0002,1311,161,157,72.5484,0.458752,73.0071,38.8344
AKAZE,AKAZE,0003,1351,155,161,82.1166,0.458752,82.5754,42.5093
AKAZE,AKAZE,0004,1360,163,155,77.9878,0.524288,78.5121,44.471
AKAZE,AKAZE,0005,1347,164,163,69.9924,0.589824,70.5823,47.092
AKAZE,AKAZE,0006,1363,173,164,73.9901,0.458752,74.4489,37.189
AKAZE,AKAZE,0007,1331,175,173,69.4026,0.458752,69.8614,40.9364
AKAZE,AKAZE,0008,1357,177,175,80.3471,0.589824,80.937,39.6914
AKAZE,AKAZE,0009,1331,179,177,72.876,0.524288,73.4003,36.8079
SIFT,BRISK,0001,1371,132,137,130.482,0.393216,130.875,72.2993
SIFT,BRISK,0002,1380,124,132,132.317,0.32768,132.645,71.5455
SIFT,BRISK,0003,1335,137,124,130.154,0.393216,130.548,63.9839
SIFT,BRISK,0004,1305,134,137,130.482,0.393216,130.875,60.2993
SIFT,BRISK,0005,1370,140,134,130.482,0.393216,130.875,64.5746
SIFT,BRISK,0006,1396,137,140,130.417,0.524288,130.941,74.3357
SIFT,BRISK,0007,1382,148,137,131.072,0.393216,131.465,69.2847
SIFT,BRISK,0008,1463,159,148,133.628,0.458752,134.087,61.1486
SIFT,BRISK,0009,1422,137,159,131.596,0.393216,131.99,65.8239
SIFT,BRIEF,0001,1371,132,138,131.203,0.32768,131.531,22.8478
SIFT,BRIEF,0002,1380,124,132,132.186,0.262144,132.448,22.9242
SIFT,BRIEF,0003,1335,137,124,129.434,0.32768,129.761,19.5242
SIFT,BRIEF,0004,1305,134,137,134.218,0.32768,134.545,18.9343
SIFT,BRIEF,0005,1370,140,134,130.482,0.393216,130.875,20.9179
SIFT,BRIEF,0006,1396,137,140,134.349,0.393216,134.742,22.55
SIFT,BRIEF,0007,1382,148,137,133.235,0.393216,133.628,22.6788
SIFT,BRIEF,0008,1463,159,148,134.283,0.393216,134.676,19.0405
SIFT,BRIEF,0009,1422,137,159,133.825,0.458752,134.283,21.9119
SIFT,FREAK,0001,1371,132,137,130.679,0.32768,131.006,61.9051
SIFT,FREAK,0002,1380,124,131,131.99,0.393216,132.383,59.1756
SIFT,FREAK,0003,1335,137,123,130.22,0.32768,130.548,54.935
SIFT,FREAK,0004,1305,134,136,128.516,0.32768,128.844,52.9412
SIFT,FREAK,0005,1370,140,133,129.827,0.32768,130.154,60.6466
SIFT,FREAK,0006,1396,137,139,129.892,0.393216,130.286,65.0504
SIFT,FREAK,0007,1382,148,135,129.827,0.32768,130.154,60.5852
SIFT,FREAK,0008,1463,159,147,131.662,0.589824,132.252,54.5034
SIFT,FREAK,0009,1422,137,158,129.303,0.393216,129.696,56.2089
SIFT,SIFT,0001,1371,132,138,95.3549,0.524288,95.8792,184.232
SIFT,SIFT,0002,1380,124,132,130.22,0.458752,130.679,181.695
SIFT,SIFT,0003,1335,137,124,97.9763,0.458752,98.4351,154.19
SIFT,SIFT,0004,1305,134,137,97.3865,0.458752,97.8453,153.827
SIFT,SIFT,0005,1370,140,134,98.8283,0.589824,99.4181,159.696
SIFT,SIFT,0006,1396,137,140,127.336,0.589824,127.926,192.759
SIFT,SIFT,0007,1382,148,137,94.8961,0.524288,95.4204,186.216
SIFT,SIFT,0008,1463,159,148,96.5345,0.524288,97.0588,148.548
SIFT,SIFT,0009,1422,137,159,97.9763,0.524288,98.5006,169.985
